$ANSIBLE_VAULT;1.1;AES256
62323165316162306430653738323636363937363362346235346334343436303266333836363133
3539656464613839363933356531393639636163656165620a393861323439656362353035353730
36393633373534626263663035613364326234316261313961383436616163313363333537643832
3334663135636239620a363039646161666564643666353166313961653666653932336536376635
39343466343062643334363938326435656438363433353937313065633737386538343233383161
30616363626538306630623736333839613036623161313337336465626165653166656632646233
62356565373136353230386431353163623838343765303535306634636336626461363831326339
33316330636362383331653931393436623638366238656533396536356539663165326533343635
61363366356236636534323938303538613730613430613630656563626330653132643766323733
61623266643732393965623433386162616666326366623037313463303130303535353563313666
39656136626535326631616661623338616135316130636138613766396533326338333436666435
61366239303837313339663266316661303065323064633531373965393732646131336164643839
37396465633837636562626430353439613163626463373566626134363164363765323539623430
36653439643630626332366135333234316635393961373637383838323530633438336435336532
64343936343361626432643538343336396530343037633764326566646235343865393465613432
35626463643131666438373730393066656234396532376363663461373436616139323036623739
64393330646137656634666239643435636630626538623665663862363737663963373266333239
32323136343061386338373533303338616239393834363136333034633533306235623730306338
62366431363233313535643137396464303138343432393034653730353535633765653738363061
31333832643766313335353734363664616333633032646135333461343339323266346436383766
34306162356266386633313863383261343531363436323462613263366533333930303636303833
65653032643734323939663931386161343566623236336238623834386463623262643537626231
36346162656334333932326161646330666466346233343361356361363636313862323632626666
31633564326338366437316263616161653163343436666666343538623234613764623537363732
64623239366538633831326135656330393966373565306334303035303761326565396665333561
31653865313537353966303738336562356161386666643934643131386363336631643432393733
31333930353937613033323833383135623038663638343566393235333937333736653538313338
37623166626565363762363337336636383166633032316134653937623739363161363635366139
38666330306361386430666639643135613036366632336565343235303262656630336236643265
31303562353737353937333533383663383931336333383863623936626133383636316533316132
65653564303737303037343832323233306536313964316634623830396464333137353231383336
61623536363262366664643664623865306139323437386263373636303933373863636332306435
35363830303133353733376632653234313365343834656537663839373536343763303636396132
66353762376634623164306631363536623862353766356333623864316236383439356330376266
65623731366333383461353561363064303533343338396635616265383432353531303565323961
33633834386262613164393935343932303234383936313665383632623963343430396466616436
33326134663136613338396136393538336239646530656661303132633864623539353730626234
64636262616232653663333662333639643333616233666334646262363632306231336664383937
63323730376533363033366138623265313635383036306239303437333564653232643330353961
62363462356233366535623039336333383838373433333566363737383335663264616361396433
62396561626136653865663933313835636434613437346636346532323836326365656134303930
66626663663966633030386330313265373230396466646438373036633532346161623730393236
31663265306166353137336565646639353037303666306638316631313966306561663036363039
36346435633234346538373836303834616232613436306136633238373239366631323535336532
32376233633336306630356265643230643163316539303234626238396630616535383964313531
36633239386137386337633332623437663862323666653534343165333766396435393830396238
63346161323833303232353435363832666535353735303264363936393830623861313861353463
30623133646338336434646237626661646362396139393039336163646664376161333636376532
62333662303232306666313564633562633462303835623939346163306437666435643330643464
33383432343836613031356564333331613230663435623364313232313137386434633263333032
39393130346638323235313139613462346436343334653532616435326432373663643930623533
66396432336437376561356139306233643737666133323263356139653733633233386436656538
32353864633437326664646530383466336337383431336336346431643239653765653264346363
63376661663038333361346337313538653936363462653035633930613530353863633732663538
39336266306265663561643737653862393362313664396165356137666561363532653331336535
39613661363638383639393433323237376234383738313934613361383939323463326235393237
62366530383833623462333761363465333761373363313136663663616134316336343838623935
66373564396436303565363966626464303464326565363933303630356236643134393030646166
65346637333764346430396133383131633639353738646364633636303961313131313862386434
38383731323536363632646639303663386231633533656336643334613338353035616565313663
33306530363739366661373265303930633762373166653763613939626463366636303334313438
32633863343231643866663937313738313534363662316263303464396162343237373534326533
38613962373666636431353966316235386239656162316531386530636638643230616362336261
34393237326639376364666266656335363237326332363538626362613161363436373034353062
64353065623636353861653230346138313663323737396136303936313532356566636435663435
36653236643438653966303064343735646538373135663835656263623835626433653131313630
39333364393633616566376563656566353462613664396234323265333937383732623936316364
37346162343133333136306637316235356635656662306230373262353266343835383534363533
64333865373136653762343966343439393537303833326562373162363465383166316262353533
63363836356535386133353064346563306261363433353731396537323238623135643663633939
64313033623634376437363536646233356534633265666635383965663061386264366432396364
38343737306139663931663539616135656331653430393161373962623237383265376363613663
35663133643733336436303763363936316639356261336533363739383539306433303663336532
39333261643332636562666238323936343063616261643064326536306234643839326666643761
65373830386666306231653461303566623063666561373430326232643063663832363739663063
32653438343937323232306136313738383465333862306430363335636264396165663762336461
62356632643339353437396266613232383236376630383131643766356532393237633166653239
61313361336364636530313433386537623865316361363762633466656435383933663961316565
35346561376461376666653263356361373736366664303639346465303462313532633437373834
35656238313065613236633632636333343437633862326530636634313634663366356533393233
34643265346433353136663937623164393761363766663438363166346339313739323666653731
37636163323365393534623165366566373538323261663061343266663262663561623737666661
32613232616462366362356232663030663966623234613865613135313733613436333236636633
62643037376431306333393636303462326231373265346662306539343932373865663139383739
34313733353536663537313930353063383163643932393934613563333035393337333862663661
62323662363830643737663534643138363964613262386636613039303731346232366234363366
36376266653038326361383536666435366630616263643933393434623163303964613035316236
34326263646563303736363830363239323735393065396231336131363038626433656565303061
33666564653232343962363337313635646338396335313835336531646231323936356639373132
61653166323766613264303330346635356366363333336536663432646436313861363164653138
63373731656463343936623165623431626262376637396432396439666636653433336262333532
39313434643934663134363361306130396366643738653864356235653831326561313934646532
35643338323932313830366631356537353236303734343531613534663733303930343265356536
66366334616234633661316534306235343736643162623837353031353538346366333837643063
38323831346465623665353938666534666135386561343533653132346434383838333463663966
35653934336332306166343538313434333365666462383530363236643166616566383037353364
39643232373932363933623638633930376365386434303666616530306436333764366232306138
34656636353164663363356231656338396464633830626565663232393363306661623938653066
38346530376134643564313235343238396337336133393439386363643037373836653162633963
66386335633037363933613435623432343566623937373466653839306131656230633364646531
31353062353563363862343234616664613134343538393731353638383664313063383037323437
64616631656636626238373839323538643635313534633161643337316638383932386362643036
37663262356635636138306233383464353636336536396166656132623264626432316361323665
39333765333839663433623864316432343966646163353038343739333634643631336161613264
30306431656164376636356433643132356134303562666237393139373932636539313636663735
63363566363134636461646131313863353961646436383039666231323436353130343930336233
35373437383664336663326164356335656339653639346430363966653137383738303439336165
32643966346532393264633438356563346633316433363032643137353938343631323264396536
62306565653763316535303264306139366334623463613662303632373465623861356661333439
35316639666634656239613263633462386537366134653038623164633537616438366231636430
37323365646533386466626138623237613935636361623031616636666163646266643963393662
66633036326137303834613436663632616332666465643036353662346331396435316461333161
33336661313965343765663833326135393637323761666639633635656566623835633830623333
35336339333034303438633636326166363866626366313838653139323363343365303464663438
66383735623637396333653163396435636539343765386131623930373862393735336230633265
66613533386133376432336561393365346535633533663532346635396533306331616161353633
64356264343937326466653535336335383163306139386464363461663333646136333565316261
33323531643531663335373839303030356231303532613038313963323730613461373561333934
33306664623732396136353933626539393330353464323130343562393462643262306131613164
31613934376333333464336162616262633837613533643436636137386539313565356162333839
61613530323033303431653561356533636630313334353337663237666236303936663839333166
35363666666536366335613563303238343232653139643037643234343931666633626632343635
62636663323562353530396130336135303732373862663730636562383461383662663737383637
63363039383631376333343435663839613838313639336265663836616262306461306438393835
35626462373333643964613037336430366566633630373365663432333565633834633938326333
38346164396365616232313561363135333439383833313335616465343532313131383834343765
64313338306463316565653364646563373335386536353631343264636364643331356339666165
65383430326161666338653133663366663736323335306537623034623132326338386461626166
63353338383730363861626563343438326565646235666434393934613133353638663133343964
33656363366534396462613239626666613666636239343966393965643066346331393130373333
61333837346365666661343033623238343165306231303539336636643262396363323233313034
65323836356339336435363231613361663138316439313062636338646363653462393230376334
64306663653332363236396464343937323565396235343636303666653262393033326432323861
64373634616634346532366331323936623832363863336638386239326538626234373931633361
303938613961626530356561316262376132
